[gd_scene load_steps=14 format=2]

[ext_resource path="res://Tileset.meshlib" type="MeshLibrary" id=1]
[ext_resource path="res://Player.tscn" type="PackedScene" id=2]
[ext_resource path="res://Camera.gd" type="Script" id=3]
[ext_resource path="res://environment/Tree2.tscn" type="PackedScene" id=4]
[ext_resource path="res://environment/Tree1.tscn" type="PackedScene" id=5]
[ext_resource path="res://environment/Tree3.tscn" type="PackedScene" id=6]
[ext_resource path="res://environment/Tree4.tscn" type="PackedScene" id=7]
[ext_resource path="res://environment/Tree5.tscn" type="PackedScene" id=8]
[ext_resource path="res://environment/Lamp.tscn" type="PackedScene" id=9]
[ext_resource path="res://environment/Rock.tscn" type="PackedScene" id=10]
[ext_resource path="res://environment/Rock_Flipped.tscn" type="PackedScene" id=11]
[ext_resource path="res://environment/Grass.tscn" type="PackedScene" id=12]

[sub_resource type="Environment" id=1]

background_mode = 0
background_sky_custom_fov = 0.0
background_color = Color( 0.183594, 0.183594, 0.183594, 1 )
background_energy = 1.0
background_canvas_max_layer = 0
ambient_light_color = Color( 0.841141, 0.845668, 0.957031, 1 )
ambient_light_energy = 1.0
ambient_light_sky_contribution = 1.0
fog_enabled = false
fog_color = Color( 0.5, 0.6, 0.7, 1 )
fog_sun_color = Color( 1, 1, 1, 1 )
fog_sun_amount = 1.0
fog_depth_enabled = true
fog_depth_begin = 10.0
fog_depth_curve = 1.0
fog_transmit_enabled = false
fog_transmit_curve = 1.0
fog_height_enabled = false
fog_height_min = 0.0
fog_height_max = 100.0
fog_height_curve = 1.0
tonemap_mode = 0
tonemap_exposure = 1.0
tonemap_white = 1.0
auto_exposure_enabled = false
auto_exposure_scale = 0.4
auto_exposure_min_luma = 0.05
auto_exposure_max_luma = 8.0
auto_exposure_speed = 0.5
ss_reflections_enabled = false
ss_reflections_max_steps = 64
ss_reflections_fade_in = 0.15
ss_reflections_fade_out = 2.0
ss_reflections_depth_tolerance = 0.2
ss_reflections_roughness = true
ssao_enabled = false
ssao_radius = 1.0
ssao_intensity = 1.0
ssao_radius2 = 0.0
ssao_intensity2 = 1.0
ssao_bias = 0.01
ssao_light_affect = 0.0
ssao_color = Color( 0, 0, 0, 1 )
ssao_quality = 0
ssao_blur = 3
ssao_edge_sharpness = 4.0
dof_blur_far_enabled = false
dof_blur_far_distance = 10.0
dof_blur_far_transition = 5.0
dof_blur_far_amount = 0.1
dof_blur_far_quality = 1
dof_blur_near_enabled = false
dof_blur_near_distance = 2.0
dof_blur_near_transition = 1.0
dof_blur_near_amount = 0.1
dof_blur_near_quality = 1
glow_enabled = false
glow_levels/1 = false
glow_levels/2 = false
glow_levels/3 = true
glow_levels/4 = false
glow_levels/5 = true
glow_levels/6 = false
glow_levels/7 = false
glow_intensity = 0.8
glow_strength = 1.0
glow_bloom = 0.0
glow_blend_mode = 2
glow_hdr_threshold = 1.0
glow_hdr_scale = 2.0
glow_bicubic_upscale = false
adjustment_enabled = false
adjustment_brightness = 1.0
adjustment_contrast = 1.0
adjustment_saturation = 1.0
_sections_unfolded = [ "Ambient Light", "Background", "Fog" ]

[node name="Spatial" type="Spatial" index="0"]

_sections_unfolded = [ "Transform" ]

[node name="WorldEnvironment" type="WorldEnvironment" parent="." index="0"]

environment = SubResource( 1 )

[node name="GridMap" type="GridMap" parent="." index="1"]

theme = ExtResource( 1 )
cell_size = Vector3( 2, 2, 2 )
cell_octant_size = 8
cell_center_x = true
cell_center_y = false
cell_center_z = true
cell_scale = 1.0
collision_layer = 1
collision_mask = 1
data = {
"cells": PoolIntArray( 0, 0, 1, 1, 0, 1074397185, 2, 0, 655364, 3, 0, 655364, 4, 0, 655364, 5, 0, 0, 6, 0, 2, 7, 0, 1048578, 8, 0, 1441794, 9, 0, 655362, 65526, 0, 655362, 65527, 0, 655362, 65528, 0, 2, 65529, 0, 1048578, 65530, 0, 1048578, 65531, 0, 1048578, 65532, 0, 655360, 65533, 0, 1048576, 65534, 0, 1048580, 65535, 0, 1441793, 0, 1, 655361, 1, 1, 0, 2, 1, 2, 3, 1, 655360, 4, 1, 1048576, 5, 1, 2, 6, 1, 1048578, 7, 1, 1048578, 8, 1, 655362, 9, 1, 1441794, 65526, 1, 2, 65527, 1, 1441794, 65528, 1, 1048578, 65529, 1, 655362, 65530, 1, 1048578, 65531, 1, 1048578, 65532, 1, 1441792, 65533, 1, 0, 65534, 1, 1441792, 65535, 1, 1048577, 0, 2, 1441796, 1, 2, 1441794, 2, 2, 1441794, 3, 2, 1441792, 4, 2, 0, 5, 2, 2, 6, 2, 655362, 7, 2, 1048578, 8, 2, 1048578, 9, 2, 2, 65526, 2, 1048578, 65527, 2, 2, 65528, 2, 655362, 65529, 2, 1441794, 65530, 2, 1048578, 65531, 2, 1048578, 65532, 2, 1048578, 65533, 2, 1048578, 65534, 2, 1441794, 65535, 2, 1048580, 0, 3, 1441796, 1, 3, 655360, 2, 3, 1048576, 3, 3, 1441794, 4, 3, 2, 5, 3, 2, 6, 3, 1441794, 7, 3, 1048578, 8, 3, 2, 9, 3, 1048578, 65526, 3, 1441794, 65527, 3, 1048578, 65528, 3, 655362, 65529, 3, 2, 65530, 3, 1048578, 65531, 3, 1048578, 65532, 3, 2, 65533, 3, 655360, 65534, 3, 1048576, 65535, 3, 1048580, 0, 4, 1441793, 1, 4, 1441792, 2, 4, 0, 3, 4, 1441794, 4, 4, 655362, 5, 4, 1048578, 6, 4, 2, 7, 4, 1048578, 8, 4, 1441794, 9, 4, 655362, 65526, 4, 655362, 65527, 4, 655362, 65528, 4, 655362, 65529, 4, 1048578, 65530, 4, 1048578, 65531, 4, 2, 65532, 4, 1441794, 65533, 4, 1441792, 65534, 4, 0, 65535, 4, 1, 0, 5, 1441794, 1, 5, 655362, 2, 5, 1048578, 3, 5, 2, 4, 5, 1441794, 5, 5, 655362, 6, 5, 1048578, 7, 5, 1048578, 8, 5, 655362, 9, 5, 1441794, 65526, 5, 1048578, 65527, 5, 1441794, 65528, 5, 1441794, 65529, 5, 655362, 65530, 5, 1048578, 65531, 5, 2, 65532, 5, 655362, 65533, 5, 1075183618, 65534, 5, 1048578, 65535, 5, 2, 0, 6, 1048578, 1, 6, 2, 2, 6, 1441794, 3, 6, 655362, 4, 6, 1048578, 5, 6, 2, 6, 6, 1441794, 7, 6, 655362, 8, 6, 1048578, 9, 6, 2, 65526, 6, 2, 65527, 6, 2, 65528, 6, 2, 65529, 6, 1048578, 65530, 6, 655362, 65531, 6, 655362, 65532, 6, 1048578, 65533, 6, 2, 65534, 6, 1441794, 65535, 6, 1048578, 0, 7, 2, 1, 7, 1048578, 2, 7, 1441794, 3, 7, 537526274, 4, 7, 1048578, 5, 7, 2, 6, 7, 2, 7, 7, 1441794, 8, 7, 655362, 9, 7, 1048578, 65526, 7, 655362, 65527, 7, 1441794, 65528, 7, 1048578, 65529, 7, 2, 65530, 7, 1441794, 65531, 7, 655362, 65532, 7, 1048578, 65533, 7, 2, 65534, 7, 1441794, 65535, 7, 655362, 0, 65528, 1048578, 1, 65528, 655362, 2, 65528, 1441794, 3, 65528, 2, 4, 65528, 1048578, 5, 65528, 655362, 6, 65528, 1441794, 7, 65528, 2, 8, 65528, 1048578, 9, 65528, 655362, 65526, 65528, 1048578, 65527, 65528, 655362, 65528, 65528, 1441794, 65529, 65528, 2, 65530, 65528, 2, 65531, 65528, 2, 65532, 65528, 1048578, 65533, 65528, 655362, 65534, 65528, 1441794, 65535, 65528, 2, 0, 65529, 1048578, 1, 65529, 1048578, 2, 65529, 1048578, 3, 65529, 1048578, 4, 65529, 1048578, 5, 65529, 1048578, 6, 65529, 1048578, 7, 65529, 1048578, 8, 65529, 655362, 9, 65529, 1441794, 65526, 65529, 2, 65527, 65529, 1441794, 65528, 65529, 1048578, 65529, 65529, 1048578, 65530, 65529, 1048578, 65531, 65529, 1048578, 65532, 65529, 1048578, 65533, 65529, 1048578, 65534, 65529, 1048578, 65535, 65529, 1048578, 0, 65530, 655362, 1, 65530, 1048578, 2, 65530, 1048578, 3, 65530, 2, 4, 65530, 655362, 5, 65530, 1441794, 6, 65530, 1048578, 7, 65530, 1048578, 8, 65530, 1048578, 9, 65530, 2, 65526, 65530, 1441794, 65527, 65530, 2, 65528, 65530, 537526274, 65529, 65530, 2, 65530, 65530, 1441794, 65531, 65530, 655362, 65532, 65530, 1048578, 65533, 65530, 2, 65534, 65530, 1441794, 65535, 65530, 1441794, 0, 65531, 655365, 1, 65531, 1048576, 2, 65531, 1048578, 3, 65531, 2, 4, 65531, 1441794, 5, 65531, 655362, 6, 65531, 655362, 7, 65531, 1048578, 8, 65531, 2, 9, 65531, 1048578, 65526, 65531, 655362, 65527, 65531, 1048578, 65528, 65531, 1441794, 65529, 65531, 2, 65530, 65531, 1048578, 65531, 65531, 1048578, 65532, 65531, 1048578, 65533, 65531, 1048578, 65534, 65531, 1048578, 65535, 65531, 655360, 0, 65532, 3, 1, 65532, 1441796, 2, 65532, 2, 3, 65532, 655362, 4, 65532, 655362, 5, 65532, 1441794, 6, 65532, 1048578, 7, 65532, 1048578, 8, 65532, 1441794, 9, 65532, 1441794, 65526, 65532, 1048578, 65527, 65532, 655362, 65528, 65532, 2, 65529, 65532, 1441794, 65530, 65532, 1048578, 65531, 65532, 1048578, 65532, 65532, 1441794, 65533, 65532, 2, 65534, 65532, 655362, 65535, 65532, 1441797, 0, 65533, 1048577, 1, 65533, 1441793, 2, 65533, 4, 3, 65533, 4, 4, 65533, 4, 5, 65533, 1048576, 6, 65533, 2, 7, 65533, 1048578, 8, 65533, 655362, 9, 65533, 655362, 65526, 65533, 1048578, 65527, 65533, 1441794, 65528, 65533, 1048578, 65529, 65533, 1048578, 65530, 65533, 1048578, 65531, 65533, 1048578, 65532, 65533, 1048578, 65533, 65533, 655362, 65534, 65533, 1048578, 65535, 65533, 1441792, 0, 65534, 1, 1, 65534, 655361, 2, 65534, 655364, 3, 65534, 655364, 4, 65534, 1048577, 5, 65534, 1441796, 6, 65534, 655362, 7, 65534, 1048578, 8, 65534, 1048578, 9, 65534, 2, 65526, 65534, 2, 65527, 65534, 2, 65528, 65534, 655362, 65529, 65534, 1441794, 65530, 65534, 1074790402, 65531, 65534, 655360, 65532, 65534, 655365, 65533, 65534, 655365, 65534, 65534, 655365, 65535, 65534, 655365, 0, 65535, 1048577, 1, 65535, 1441793, 2, 65535, 4, 3, 65535, 4, 4, 65535, 1, 5, 65535, 1441796, 6, 65535, 1441794, 7, 65535, 1048578, 8, 65535, 2, 9, 65535, 1048578, 65526, 65535, 1441794, 65527, 65535, 1048578, 65528, 65535, 1441794, 65529, 65535, 655362, 65530, 65535, 1048578, 65531, 65535, 1441792, 65532, 65535, 655364, 65533, 65535, 655364, 65534, 65535, 1048577, 65535, 65535, 655361 )
}
_sections_unfolded = [ "Cell" ]
__meta__ = {
"_editor_clip_": 0,
"_editor_floor_": Vector3( 0, 0, -3 )
}

[node name="Player" parent="." index="2" instance=ExtResource( 2 )]

editor/display_folded = true
transform = Transform( 1, 0, 0, 0, 0.422618, 0.906307, 0, -0.906307, 0.422618, 0, 0.107381, 0 )

[node name="Camera" type="Camera" parent="Player" index="2"]

transform = Transform( 1, 0, 0, 0, 1, 2.98023e-008, 0, -2.98023e-008, 1, 0, 0.133491, 3.89453 )
keep_aspect = 1
cull_mask = 1048575
environment = null
h_offset = 0.0
v_offset = 0.0
doppler_tracking = 0
projection = 0
current = false
fov = 75.0
size = 1.0
near = 0.05
far = 100.0
script = ExtResource( 3 )
_sections_unfolded = [ "Transform" ]

[node name="OmniLight" type="OmniLight" parent="Player" index="3"]

transform = Transform( 0.0164838, 0, 0, 0, 0.94642, -0.114907, 0, -0.114907, 0.753583, 0, 0.00216603, 0.00464526 )
visible = false
layers = 1
light_color = Color( 0.597656, 0.597656, 0.597656, 1 )
light_energy = 1.0
light_indirect_energy = 1.0
light_negative = true
light_specular = 0.5
light_bake_mode = 1
light_cull_mask = -1
shadow_enabled = true
shadow_color = Color( 0, 0, 0, 1 )
shadow_bias = 0.15
shadow_contact = 0.0
shadow_reverse_cull_face = false
editor_only = false
omni_range = 5.0
omni_attenuation = 1.0
omni_shadow_mode = 1
omni_shadow_detail = 1
_sections_unfolded = [ "Light", "Shadow" ]

[node name="Trees" type="Node" parent="." index="3"]

editor/display_folded = true

[node name="Glob Bundle" type="Node" parent="Trees" index="0"]

editor/display_folded = true

[node name="Bundle 1" type="Spatial" parent="Trees/Glob Bundle" index="0"]

editor/display_folded = true
transform = Transform( 1, 0, 0, 0, 1, 0, 0, 0, 1, -12.1351, 0, 4.5 )

[node name="Pine18" parent="Trees/Glob Bundle/Bundle 1" index="0" instance=ExtResource( 4 )]

transform = Transform( 1, 0, 0, 0, 0.422618, 0.906308, 0, -0.906308, 0.422618, 1.06748, 0.145149, 0.797039 )

[node name="Pine19" parent="Trees/Glob Bundle/Bundle 1" index="1" instance=ExtResource( 4 )]

transform = Transform( 1, 0, 0, 0, 0.422618, 0.906308, 0, -0.906308, 0.422618, -0.898471, 0.145149, -0.332026 )

[node name="Monkey12" parent="Trees/Glob Bundle/Bundle 1" index="2" instance=ExtResource( 5 )]

transform = Transform( 1, 0, 0, 0, 0.422618, 0.906308, 0, -0.906308, 0.422618, 0.735807, 0.138519, -0.0178871 )

[node name="Monkey13" parent="Trees/Glob Bundle/Bundle 1" index="3" instance=ExtResource( 5 )]

transform = Transform( 1, 0, 0, 0, 0.422618, 0.906308, 0, -0.906308, 0.422618, -1.07127, 0.138519, 0.842618 )

[node name="Alba13" parent="Trees/Glob Bundle/Bundle 1" index="4" instance=ExtResource( 6 )]

transform = Transform( 1, 0, 0, 0, 0.422618, 0.906308, 0, -0.906308, 0.422618, 0.050992, 0.108996, 0.564981 )

[node name="Bundle 88" type="Spatial" parent="Trees/Glob Bundle" index="1"]

editor/display_folded = true
transform = Transform( 1, 0, 0, 0, 1, 0, 0, 0, 1, -9.40519, 0, -14.6743 )

[node name="Pine18" parent="Trees/Glob Bundle/Bundle 88" index="0" instance=ExtResource( 4 )]

transform = Transform( 1, 0, 0, 0, 0.422618, 0.906308, 0, -0.906308, 0.422618, 1.06748, 0.145149, 0.797039 )

[node name="Pine19" parent="Trees/Glob Bundle/Bundle 88" index="1" instance=ExtResource( 4 )]

transform = Transform( 1, 0, 0, 0, 0.422618, 0.906308, 0, -0.906308, 0.422618, -0.898471, 0.145149, -0.332026 )

[node name="Monkey12" parent="Trees/Glob Bundle/Bundle 88" index="2" instance=ExtResource( 5 )]

transform = Transform( 1, 0, 0, 0, 0.422618, 0.906308, 0, -0.906308, 0.422618, 0.735807, 0.138519, -0.0178871 )

[node name="Monkey13" parent="Trees/Glob Bundle/Bundle 88" index="3" instance=ExtResource( 5 )]

transform = Transform( 1, 0, 0, 0, 0.422618, 0.906308, 0, -0.906308, 0.422618, -1.07127, 0.138519, 0.842618 )

[node name="Alba13" parent="Trees/Glob Bundle/Bundle 88" index="4" instance=ExtResource( 6 )]

transform = Transform( 1, 0, 0, 0, 0.422618, 0.906308, 0, -0.906308, 0.422618, 0.050992, 0.108996, 0.564981 )

[node name="Bundle 89" type="Spatial" parent="Trees/Glob Bundle" index="2"]

editor/display_folded = true
transform = Transform( 1, 0, 0, 0, 1, 0, 0, 0, 1, -6.32509, 0, -15.1682 )

[node name="Pine18" parent="Trees/Glob Bundle/Bundle 89" index="0" instance=ExtResource( 4 )]

transform = Transform( 1, 0, 0, 0, 0.422618, 0.906308, 0, -0.906308, 0.422618, 1.06748, 0.145149, 0.797039 )

[node name="Pine19" parent="Trees/Glob Bundle/Bundle 89" index="1" instance=ExtResource( 4 )]

transform = Transform( 1, 0, 0, 0, 0.422618, 0.906308, 0, -0.906308, 0.422618, -0.898471, 0.145149, -0.332026 )

[node name="Monkey12" parent="Trees/Glob Bundle/Bundle 89" index="2" instance=ExtResource( 5 )]

transform = Transform( 1, 0, 0, 0, 0.422618, 0.906308, 0, -0.906308, 0.422618, 0.735807, 0.138519, -0.0178871 )

[node name="Monkey13" parent="Trees/Glob Bundle/Bundle 89" index="3" instance=ExtResource( 5 )]

transform = Transform( 1, 0, 0, 0, 0.422618, 0.906308, 0, -0.906308, 0.422618, -1.07127, 0.138519, 0.842618 )

[node name="Alba13" parent="Trees/Glob Bundle/Bundle 89" index="4" instance=ExtResource( 6 )]

transform = Transform( 1, 0, 0, 0, 0.422618, 0.906308, 0, -0.906308, 0.422618, 0.050992, 0.108996, 0.564981 )

[node name="Bundle 90" type="Spatial" parent="Trees/Glob Bundle" index="3"]

editor/display_folded = true
transform = Transform( 1, 0, 0, 0, 1, 0, 0, 0, 1, -3.15553, 0, -15.1682 )

[node name="Pine18" parent="Trees/Glob Bundle/Bundle 90" index="0" instance=ExtResource( 4 )]

transform = Transform( 1, 0, 0, 0, 0.422618, 0.906308, 0, -0.906308, 0.422618, 1.06748, 0.145149, 0.797039 )

[node name="Pine19" parent="Trees/Glob Bundle/Bundle 90" index="1" instance=ExtResource( 4 )]

transform = Transform( 1, 0, 0, 0, 0.422618, 0.906308, 0, -0.906308, 0.422618, -0.898471, 0.145149, -0.332026 )

[node name="Monkey12" parent="Trees/Glob Bundle/Bundle 90" index="2" instance=ExtResource( 5 )]

transform = Transform( 1, 0, 0, 0, 0.422618, 0.906308, 0, -0.906308, 0.422618, 0.735807, 0.138519, -0.0178871 )

[node name="Monkey13" parent="Trees/Glob Bundle/Bundle 90" index="3" instance=ExtResource( 5 )]

transform = Transform( 1, 0, 0, 0, 0.422618, 0.906308, 0, -0.906308, 0.422618, -1.07127, 0.138519, 0.842618 )

[node name="Alba13" parent="Trees/Glob Bundle/Bundle 90" index="4" instance=ExtResource( 6 )]

transform = Transform( 1, 0, 0, 0, 0.422618, 0.906308, 0, -0.906308, 0.422618, 0.050992, 0.108996, 0.564981 )

[node name="Bundle 91" type="Spatial" parent="Trees/Glob Bundle" index="4"]

editor/display_folded = true
transform = Transform( 1, 0, 0, 0, 1, 0, 0, 0, 1, 0.278442, 0, -15.1682 )

[node name="Pine18" parent="Trees/Glob Bundle/Bundle 91" index="0" instance=ExtResource( 4 )]

transform = Transform( 1, 0, 0, 0, 0.422618, 0.906308, 0, -0.906308, 0.422618, 1.06748, 0.145149, 0.797039 )

[node name="Pine19" parent="Trees/Glob Bundle/Bundle 91" index="1" instance=ExtResource( 4 )]

transform = Transform( 1, 0, 0, 0, 0.422618, 0.906308, 0, -0.906308, 0.422618, -0.898471, 0.145149, -0.332026 )

[node name="Monkey12" parent="Trees/Glob Bundle/Bundle 91" index="2" instance=ExtResource( 5 )]

transform = Transform( 1, 0, 0, 0, 0.422618, 0.906308, 0, -0.906308, 0.422618, 0.735807, 0.138519, -0.0178871 )

[node name="Monkey13" parent="Trees/Glob Bundle/Bundle 91" index="3" instance=ExtResource( 5 )]

transform = Transform( 1, 0, 0, 0, 0.422618, 0.906308, 0, -0.906308, 0.422618, -1.07127, 0.138519, 0.842618 )

[node name="Alba13" parent="Trees/Glob Bundle/Bundle 91" index="4" instance=ExtResource( 6 )]

transform = Transform( 1, 0, 0, 0, 0.422618, 0.906308, 0, -0.906308, 0.422618, 0.050992, 0.108996, 0.564981 )

[node name="Bundle 92" type="Spatial" parent="Trees/Glob Bundle" index="5"]

editor/display_folded = true
transform = Transform( 1, 0, 0, 0, 1, 0, 0, 0, 1, 3.77556, 0, -15.1682 )

[node name="Pine18" parent="Trees/Glob Bundle/Bundle 92" index="0" instance=ExtResource( 4 )]

transform = Transform( 1, 0, 0, 0, 0.422618, 0.906308, 0, -0.906308, 0.422618, 1.06748, 0.145149, 0.797039 )

[node name="Pine19" parent="Trees/Glob Bundle/Bundle 92" index="1" instance=ExtResource( 4 )]

transform = Transform( 1, 0, 0, 0, 0.422618, 0.906308, 0, -0.906308, 0.422618, -0.898471, 0.145149, -0.332026 )

[node name="Monkey12" parent="Trees/Glob Bundle/Bundle 92" index="2" instance=ExtResource( 5 )]

transform = Transform( 1, 0, 0, 0, 0.422618, 0.906308, 0, -0.906308, 0.422618, 0.735807, 0.138519, -0.0178871 )

[node name="Monkey13" parent="Trees/Glob Bundle/Bundle 92" index="3" instance=ExtResource( 5 )]

transform = Transform( 1, 0, 0, 0, 0.422618, 0.906308, 0, -0.906308, 0.422618, -1.07127, 0.138519, 0.842618 )

[node name="Alba13" parent="Trees/Glob Bundle/Bundle 92" index="4" instance=ExtResource( 6 )]

transform = Transform( 1, 0, 0, 0, 0.422618, 0.906308, 0, -0.906308, 0.422618, 0.050992, 0.108996, 0.564981 )

[node name="Bundle 93" type="Spatial" parent="Trees/Glob Bundle" index="6"]

editor/display_folded = true
transform = Transform( 1, 0, 0, 0, 1, 0, 0, 0, 1, 7.00152, 0, -15.1682 )

[node name="Pine18" parent="Trees/Glob Bundle/Bundle 93" index="0" instance=ExtResource( 4 )]

transform = Transform( 1, 0, 0, 0, 0.422618, 0.906308, 0, -0.906308, 0.422618, 1.06748, 0.145149, 0.797039 )

[node name="Pine19" parent="Trees/Glob Bundle/Bundle 93" index="1" instance=ExtResource( 4 )]

transform = Transform( 1, 0, 0, 0, 0.422618, 0.906308, 0, -0.906308, 0.422618, -0.898471, 0.145149, -0.332026 )

[node name="Monkey12" parent="Trees/Glob Bundle/Bundle 93" index="2" instance=ExtResource( 5 )]

transform = Transform( 1, 0, 0, 0, 0.422618, 0.906308, 0, -0.906308, 0.422618, 0.735807, 0.138519, -0.0178871 )

[node name="Monkey13" parent="Trees/Glob Bundle/Bundle 93" index="3" instance=ExtResource( 5 )]

transform = Transform( 1, 0, 0, 0, 0.422618, 0.906308, 0, -0.906308, 0.422618, -1.07127, 0.138519, 0.842618 )

[node name="Alba13" parent="Trees/Glob Bundle/Bundle 93" index="4" instance=ExtResource( 6 )]

transform = Transform( 1, 0, 0, 0, 0.422618, 0.906308, 0, -0.906308, 0.422618, 0.050992, 0.108996, 0.564981 )

[node name="Bundle 94" type="Spatial" parent="Trees/Glob Bundle" index="7"]

editor/display_folded = true
transform = Transform( 1, 0, 0, 0, 1, 0, 0, 0, 1, 10.2909, 0, -15.1682 )

[node name="Pine18" parent="Trees/Glob Bundle/Bundle 94" index="0" instance=ExtResource( 4 )]

transform = Transform( 1, 0, 0, 0, 0.422618, 0.906308, 0, -0.906308, 0.422618, 1.06748, 0.145149, 0.797039 )

[node name="Pine19" parent="Trees/Glob Bundle/Bundle 94" index="1" instance=ExtResource( 4 )]

transform = Transform( 1, 0, 0, 0, 0.422618, 0.906308, 0, -0.906308, 0.422618, -0.898471, 0.145149, -0.332026 )

[node name="Monkey12" parent="Trees/Glob Bundle/Bundle 94" index="2" instance=ExtResource( 5 )]

transform = Transform( 1, 0, 0, 0, 0.422618, 0.906308, 0, -0.906308, 0.422618, 0.735807, 0.138519, -0.0178871 )

[node name="Monkey13" parent="Trees/Glob Bundle/Bundle 94" index="3" instance=ExtResource( 5 )]

transform = Transform( 1, 0, 0, 0, 0.422618, 0.906308, 0, -0.906308, 0.422618, -1.07127, 0.138519, 0.842618 )

[node name="Alba13" parent="Trees/Glob Bundle/Bundle 94" index="4" instance=ExtResource( 6 )]

transform = Transform( 1, 0, 0, 0, 0.422618, 0.906308, 0, -0.906308, 0.422618, 0.050992, 0.108996, 0.564981 )

[node name="Bundle 95" type="Spatial" parent="Trees/Glob Bundle" index="8"]

editor/display_folded = true
transform = Transform( 1, 0, 0, 0, 1, 0, 0, 0, 1, 13.5786, 0, -15.1682 )

[node name="Pine18" parent="Trees/Glob Bundle/Bundle 95" index="0" instance=ExtResource( 4 )]

transform = Transform( 1, 0, 0, 0, 0.422618, 0.906308, 0, -0.906308, 0.422618, 1.06748, 0.145149, 0.797039 )

[node name="Pine19" parent="Trees/Glob Bundle/Bundle 95" index="1" instance=ExtResource( 4 )]

transform = Transform( 1, 0, 0, 0, 0.422618, 0.906308, 0, -0.906308, 0.422618, -0.898471, 0.145149, -0.332026 )

[node name="Monkey12" parent="Trees/Glob Bundle/Bundle 95" index="2" instance=ExtResource( 5 )]

transform = Transform( 1, 0, 0, 0, 0.422618, 0.906308, 0, -0.906308, 0.422618, 0.735807, 0.138519, -0.0178871 )

[node name="Monkey13" parent="Trees/Glob Bundle/Bundle 95" index="3" instance=ExtResource( 5 )]

transform = Transform( 1, 0, 0, 0, 0.422618, 0.906308, 0, -0.906308, 0.422618, -1.07127, 0.138519, 0.842618 )

[node name="Alba13" parent="Trees/Glob Bundle/Bundle 95" index="4" instance=ExtResource( 6 )]

transform = Transform( 1, 0, 0, 0, 0.422618, 0.906308, 0, -0.906308, 0.422618, 0.050992, 0.108996, 0.564981 )

[node name="Bundle 96" type="Spatial" parent="Trees/Glob Bundle" index="9"]

editor/display_folded = true
transform = Transform( 1, 0, 0, 0, 1, 0, 0, 0, 1, 16.9316, 0, -15.1682 )

[node name="Pine18" parent="Trees/Glob Bundle/Bundle 96" index="0" instance=ExtResource( 4 )]

transform = Transform( 1, 0, 0, 0, 0.422618, 0.906308, 0, -0.906308, 0.422618, 1.06748, 0.145149, 0.797039 )

[node name="Pine19" parent="Trees/Glob Bundle/Bundle 96" index="1" instance=ExtResource( 4 )]

transform = Transform( 1, 0, 0, 0, 0.422618, 0.906308, 0, -0.906308, 0.422618, -0.898471, 0.145149, -0.332026 )

[node name="Monkey12" parent="Trees/Glob Bundle/Bundle 96" index="2" instance=ExtResource( 5 )]

transform = Transform( 1, 0, 0, 0, 0.422618, 0.906308, 0, -0.906308, 0.422618, 0.735807, 0.138519, -0.0178871 )

[node name="Monkey13" parent="Trees/Glob Bundle/Bundle 96" index="3" instance=ExtResource( 5 )]

transform = Transform( 1, 0, 0, 0, 0.422618, 0.906308, 0, -0.906308, 0.422618, -1.07127, 0.138519, 0.842618 )

[node name="Alba13" parent="Trees/Glob Bundle/Bundle 96" index="4" instance=ExtResource( 6 )]

transform = Transform( 1, 0, 0, 0, 0.422618, 0.906308, 0, -0.906308, 0.422618, 0.050992, 0.108996, 0.564981 )

[node name="Bundle 97" type="Spatial" parent="Trees/Glob Bundle" index="10"]

editor/display_folded = true
transform = Transform( 1, 0, 0, 0, 1, 0, 0, 0, 1, -12.9934, 0, -15.1682 )

[node name="Pine18" parent="Trees/Glob Bundle/Bundle 97" index="0" instance=ExtResource( 4 )]

transform = Transform( 1, 0, 0, 0, 0.422618, 0.906308, 0, -0.906308, 0.422618, 1.06748, 0.145149, 0.797039 )

[node name="Pine19" parent="Trees/Glob Bundle/Bundle 97" index="1" instance=ExtResource( 4 )]

transform = Transform( 1, 0, 0, 0, 0.422618, 0.906308, 0, -0.906308, 0.422618, -0.898471, 0.145149, -0.332026 )

[node name="Monkey12" parent="Trees/Glob Bundle/Bundle 97" index="2" instance=ExtResource( 5 )]

transform = Transform( 1, 0, 0, 0, 0.422618, 0.906308, 0, -0.906308, 0.422618, 0.735807, 0.138519, -0.0178871 )

[node name="Monkey13" parent="Trees/Glob Bundle/Bundle 97" index="3" instance=ExtResource( 5 )]

transform = Transform( 1, 0, 0, 0, 0.422618, 0.906308, 0, -0.906308, 0.422618, -1.07127, 0.138519, 0.842618 )

[node name="Alba13" parent="Trees/Glob Bundle/Bundle 97" index="4" instance=ExtResource( 6 )]

transform = Transform( 1, 0, 0, 0, 0.422618, 0.906308, 0, -0.906308, 0.422618, 0.050992, 0.108996, 0.564981 )

[node name="Bundle 98" type="Spatial" parent="Trees/Glob Bundle" index="11"]

editor/display_folded = true
transform = Transform( 1, 0, 0, 0, 1, 0, 0, 0, 1, -16.769, 0, -15.1682 )

[node name="Pine18" parent="Trees/Glob Bundle/Bundle 98" index="0" instance=ExtResource( 4 )]

transform = Transform( 1, 0, 0, 0, 0.422618, 0.906308, 0, -0.906308, 0.422618, 1.06748, 0.145149, 0.797039 )

[node name="Pine19" parent="Trees/Glob Bundle/Bundle 98" index="1" instance=ExtResource( 4 )]

transform = Transform( 1, 0, 0, 0, 0.422618, 0.906308, 0, -0.906308, 0.422618, -0.898471, 0.145149, -0.332026 )

[node name="Monkey12" parent="Trees/Glob Bundle/Bundle 98" index="2" instance=ExtResource( 5 )]

transform = Transform( 1, 0, 0, 0, 0.422618, 0.906308, 0, -0.906308, 0.422618, 0.735807, 0.138519, -0.0178871 )

[node name="Monkey13" parent="Trees/Glob Bundle/Bundle 98" index="3" instance=ExtResource( 5 )]

transform = Transform( 1, 0, 0, 0, 0.422618, 0.906308, 0, -0.906308, 0.422618, -1.07127, 0.138519, 0.842618 )

[node name="Alba13" parent="Trees/Glob Bundle/Bundle 98" index="4" instance=ExtResource( 6 )]

transform = Transform( 1, 0, 0, 0, 0.422618, 0.906308, 0, -0.906308, 0.422618, 0.050992, 0.108996, 0.564981 )

[node name="Bundle 99" type="Spatial" parent="Trees/Glob Bundle" index="12"]

editor/display_folded = true
transform = Transform( 1, 0, 0, 0, 1, 0, 0, 0, 1, -16.769, 0, -12.3083 )

[node name="Pine18" parent="Trees/Glob Bundle/Bundle 99" index="0" instance=ExtResource( 4 )]

transform = Transform( 1, 0, 0, 0, 0.422618, 0.906308, 0, -0.906308, 0.422618, 1.06748, 0.145149, 0.797039 )

[node name="Pine19" parent="Trees/Glob Bundle/Bundle 99" index="1" instance=ExtResource( 4 )]

transform = Transform( 1, 0, 0, 0, 0.422618, 0.906308, 0, -0.906308, 0.422618, -0.898471, 0.145149, -0.332026 )

[node name="Monkey12" parent="Trees/Glob Bundle/Bundle 99" index="2" instance=ExtResource( 5 )]

transform = Transform( 1, 0, 0, 0, 0.422618, 0.906308, 0, -0.906308, 0.422618, 0.735807, 0.138519, -0.0178871 )

[node name="Monkey13" parent="Trees/Glob Bundle/Bundle 99" index="3" instance=ExtResource( 5 )]

transform = Transform( 1, 0, 0, 0, 0.422618, 0.906308, 0, -0.906308, 0.422618, -1.07127, 0.138519, 0.842618 )

[node name="Alba13" parent="Trees/Glob Bundle/Bundle 99" index="4" instance=ExtResource( 6 )]

transform = Transform( 1, 0, 0, 0, 0.422618, 0.906308, 0, -0.906308, 0.422618, 0.050992, 0.108996, 0.564981 )

[node name="Bundle 100" type="Spatial" parent="Trees/Glob Bundle" index="13"]

editor/display_folded = true
transform = Transform( 1, 0, 0, 0, 1, 0, 0, 0, 1, -17.4097, 0, -7.40098 )

[node name="Pine18" parent="Trees/Glob Bundle/Bundle 100" index="0" instance=ExtResource( 4 )]

transform = Transform( 1, 0, 0, 0, 0.422618, 0.906308, 0, -0.906308, 0.422618, 1.06748, 0.145149, 0.797039 )

[node name="Pine19" parent="Trees/Glob Bundle/Bundle 100" index="1" instance=ExtResource( 4 )]

transform = Transform( 1, 0, 0, 0, 0.422618, 0.906308, 0, -0.906308, 0.422618, -0.898471, 0.145149, -0.332026 )

[node name="Monkey12" parent="Trees/Glob Bundle/Bundle 100" index="2" instance=ExtResource( 5 )]

transform = Transform( 1, 0, 0, 0, 0.422618, 0.906308, 0, -0.906308, 0.422618, 0.735807, 0.138519, -0.0178871 )

[node name="Monkey13" parent="Trees/Glob Bundle/Bundle 100" index="3" instance=ExtResource( 5 )]

transform = Transform( 1, 0, 0, 0, 0.422618, 0.906308, 0, -0.906308, 0.422618, -1.07127, 0.138519, 0.842618 )

[node name="Alba13" parent="Trees/Glob Bundle/Bundle 100" index="4" instance=ExtResource( 6 )]

transform = Transform( 1, 0, 0, 0, 0.422618, 0.906308, 0, -0.906308, 0.422618, 0.050992, 0.108996, 0.564981 )

[node name="Bundle 46" type="Spatial" parent="Trees/Glob Bundle" index="14"]

editor/display_folded = true
transform = Transform( 1, 0, 0, 0, 1, 0, 0, 0, 1, -12.1351, 0, 13 )

[node name="Pine18" parent="Trees/Glob Bundle/Bundle 46" index="0" instance=ExtResource( 4 )]

transform = Transform( 1, 0, 0, 0, 0.422618, 0.906308, 0, -0.906308, 0.422618, 1.06748, 0.145149, 0.797039 )

[node name="Pine19" parent="Trees/Glob Bundle/Bundle 46" index="1" instance=ExtResource( 4 )]

transform = Transform( 1, 0, 0, 0, 0.422618, 0.906308, 0, -0.906308, 0.422618, -0.898471, 0.145149, -0.332026 )

[node name="Monkey12" parent="Trees/Glob Bundle/Bundle 46" index="2" instance=ExtResource( 5 )]

transform = Transform( 1, 0, 0, 0, 0.422618, 0.906308, 0, -0.906308, 0.422618, 0.735807, 0.138519, -0.0178871 )

[node name="Monkey13" parent="Trees/Glob Bundle/Bundle 46" index="3" instance=ExtResource( 5 )]

transform = Transform( 1, 0, 0, 0, 0.422618, 0.906308, 0, -0.906308, 0.422618, -1.07127, 0.138519, 0.842618 )

[node name="Alba13" parent="Trees/Glob Bundle/Bundle 46" index="4" instance=ExtResource( 6 )]

transform = Transform( 1, 0, 0, 0, 0.422618, 0.906308, 0, -0.906308, 0.422618, 0.050992, 0.108996, 0.564981 )

[node name="Bundle 47" type="Spatial" parent="Trees/Glob Bundle" index="15"]

editor/display_folded = true
transform = Transform( 1, 0, 0, 0, 1, 0, 0, 0, 1, -8.75698, 0, 13 )

[node name="Pine18" parent="Trees/Glob Bundle/Bundle 47" index="0" instance=ExtResource( 4 )]

transform = Transform( 1, 0, 0, 0, 0.422618, 0.906308, 0, -0.906308, 0.422618, 1.06748, 0.145149, 0.797039 )

[node name="Pine19" parent="Trees/Glob Bundle/Bundle 47" index="1" instance=ExtResource( 4 )]

transform = Transform( 1, 0, 0, 0, 0.422618, 0.906308, 0, -0.906308, 0.422618, -0.898471, 0.145149, -0.332026 )

[node name="Monkey12" parent="Trees/Glob Bundle/Bundle 47" index="2" instance=ExtResource( 5 )]

transform = Transform( 1, 0, 0, 0, 0.422618, 0.906308, 0, -0.906308, 0.422618, 0.735807, 0.138519, -0.0178871 )

[node name="Monkey13" parent="Trees/Glob Bundle/Bundle 47" index="3" instance=ExtResource( 5 )]

transform = Transform( 1, 0, 0, 0, 0.422618, 0.906308, 0, -0.906308, 0.422618, -1.07127, 0.138519, 0.842618 )

[node name="Alba13" parent="Trees/Glob Bundle/Bundle 47" index="4" instance=ExtResource( 6 )]

transform = Transform( 1, 0, 0, 0, 0.422618, 0.906308, 0, -0.906308, 0.422618, 0.050992, 0.108996, 0.564981 )

[node name="Bundle 48" type="Spatial" parent="Trees/Glob Bundle" index="16"]

editor/display_folded = true
transform = Transform( 1, 0, 0, 0, 1, 0, 0, 0, 1, -5.39271, 0, 13 )

[node name="Pine18" parent="Trees/Glob Bundle/Bundle 48" index="0" instance=ExtResource( 4 )]

transform = Transform( 1, 0, 0, 0, 0.422618, 0.906308, 0, -0.906308, 0.422618, 1.06748, 0.145149, 0.797039 )

[node name="Pine19" parent="Trees/Glob Bundle/Bundle 48" index="1" instance=ExtResource( 4 )]

transform = Transform( 1, 0, 0, 0, 0.422618, 0.906308, 0, -0.906308, 0.422618, -0.898471, 0.145149, -0.332026 )

[node name="Monkey12" parent="Trees/Glob Bundle/Bundle 48" index="2" instance=ExtResource( 5 )]

transform = Transform( 1, 0, 0, 0, 0.422618, 0.906308, 0, -0.906308, 0.422618, 0.735807, 0.138519, -0.0178871 )

[node name="Monkey13" parent="Trees/Glob Bundle/Bundle 48" index="3" instance=ExtResource( 5 )]

transform = Transform( 1, 0, 0, 0, 0.422618, 0.906308, 0, -0.906308, 0.422618, -1.07127, 0.138519, 0.842618 )

[node name="Alba13" parent="Trees/Glob Bundle/Bundle 48" index="4" instance=ExtResource( 6 )]

transform = Transform( 1, 0, 0, 0, 0.422618, 0.906308, 0, -0.906308, 0.422618, 0.050992, 0.108996, 0.564981 )

[node name="Bundle 49" type="Spatial" parent="Trees/Glob Bundle" index="17"]

editor/display_folded = true
transform = Transform( 1, 0, 0, 0, 1, 0, 0, 0, 1, -2.07067, 0, 13 )

[node name="Pine18" parent="Trees/Glob Bundle/Bundle 49" index="0" instance=ExtResource( 4 )]

transform = Transform( 1, 0, 0, 0, 0.422618, 0.906308, 0, -0.906308, 0.422618, 1.06748, 0.145149, 0.797039 )

[node name="Pine19" parent="Trees/Glob Bundle/Bundle 49" index="1" instance=ExtResource( 4 )]

transform = Transform( 1, 0, 0, 0, 0.422618, 0.906308, 0, -0.906308, 0.422618, -0.898471, 0.145149, -0.332026 )

[node name="Monkey12" parent="Trees/Glob Bundle/Bundle 49" index="2" instance=ExtResource( 5 )]

transform = Transform( 1, 0, 0, 0, 0.422618, 0.906308, 0, -0.906308, 0.422618, 0.735807, 0.138519, -0.0178871 )

[node name="Monkey13" parent="Trees/Glob Bundle/Bundle 49" index="3" instance=ExtResource( 5 )]

transform = Transform( 1, 0, 0, 0, 0.422618, 0.906308, 0, -0.906308, 0.422618, -1.07127, 0.138519, 0.842618 )

[node name="Alba13" parent="Trees/Glob Bundle/Bundle 49" index="4" instance=ExtResource( 6 )]

transform = Transform( 1, 0, 0, 0, 0.422618, 0.906308, 0, -0.906308, 0.422618, 0.050992, 0.108996, 0.564981 )

[node name="Bundle 50" type="Spatial" parent="Trees/Glob Bundle" index="18"]

editor/display_folded = true
transform = Transform( 1, 0, 0, 0, 1, 0, 0, 0, 1, 1.38194, 0, 13 )

[node name="Pine18" parent="Trees/Glob Bundle/Bundle 50" index="0" instance=ExtResource( 4 )]

transform = Transform( 1, 0, 0, 0, 0.422618, 0.906308, 0, -0.906308, 0.422618, 1.06748, 0.145149, 0.797039 )

[node name="Pine19" parent="Trees/Glob Bundle/Bundle 50" index="1" instance=ExtResource( 4 )]

transform = Transform( 1, 0, 0, 0, 0.422618, 0.906308, 0, -0.906308, 0.422618, -0.898471, 0.145149, -0.332026 )

[node name="Monkey12" parent="Trees/Glob Bundle/Bundle 50" index="2" instance=ExtResource( 5 )]

transform = Transform( 1, 0, 0, 0, 0.422618, 0.906308, 0, -0.906308, 0.422618, 0.735807, 0.138519, -0.0178871 )

[node name="Monkey13" parent="Trees/Glob Bundle/Bundle 50" index="3" instance=ExtResource( 5 )]

transform = Transform( 1, 0, 0, 0, 0.422618, 0.906308, 0, -0.906308, 0.422618, -1.07127, 0.138519, 0.842618 )

[node name="Alba13" parent="Trees/Glob Bundle/Bundle 50" index="4" instance=ExtResource( 6 )]

transform = Transform( 1, 0, 0, 0, 0.422618, 0.906308, 0, -0.906308, 0.422618, 0.050992, 0.108996, 0.564981 )

[node name="Bundle 51" type="Spatial" parent="Trees/Glob Bundle" index="19"]

editor/display_folded = true
transform = Transform( 1, 0, 0, 0, 1, 0, 0, 0, 1, 4.65075, 0, 13 )

[node name="Pine18" parent="Trees/Glob Bundle/Bundle 51" index="0" instance=ExtResource( 4 )]

transform = Transform( 1, 0, 0, 0, 0.422618, 0.906308, 0, -0.906308, 0.422618, 1.06748, 0.145149, 0.797039 )

[node name="Pine19" parent="Trees/Glob Bundle/Bundle 51" index="1" instance=ExtResource( 4 )]

transform = Transform( 1, 0, 0, 0, 0.422618, 0.906308, 0, -0.906308, 0.422618, -0.898471, 0.145149, -0.332026 )

[node name="Monkey12" parent="Trees/Glob Bundle/Bundle 51" index="2" instance=ExtResource( 5 )]

transform = Transform( 1, 0, 0, 0, 0.422618, 0.906308, 0, -0.906308, 0.422618, 0.735807, 0.138519, -0.0178871 )

[node name="Monkey13" parent="Trees/Glob Bundle/Bundle 51" index="3" instance=ExtResource( 5 )]

transform = Transform( 1, 0, 0, 0, 0.422618, 0.906308, 0, -0.906308, 0.422618, -1.07127, 0.138519, 0.842618 )

[node name="Alba13" parent="Trees/Glob Bundle/Bundle 51" index="4" instance=ExtResource( 6 )]

transform = Transform( 1, 0, 0, 0, 0.422618, 0.906308, 0, -0.906308, 0.422618, 0.050992, 0.108996, 0.564981 )

[node name="Bundle 52" type="Spatial" parent="Trees/Glob Bundle" index="20"]

editor/display_folded = true
transform = Transform( 1, 0, 0, 0, 1, 0, 0, 0, 1, 8.07845, 0, 13 )

[node name="Pine18" parent="Trees/Glob Bundle/Bundle 52" index="0" instance=ExtResource( 4 )]

transform = Transform( 1, 0, 0, 0, 0.422618, 0.906308, 0, -0.906308, 0.422618, 1.06748, 0.145149, 0.797039 )

[node name="Pine19" parent="Trees/Glob Bundle/Bundle 52" index="1" instance=ExtResource( 4 )]

transform = Transform( 1, 0, 0, 0, 0.422618, 0.906308, 0, -0.906308, 0.422618, -0.898471, 0.145149, -0.332026 )

[node name="Monkey12" parent="Trees/Glob Bundle/Bundle 52" index="2" instance=ExtResource( 5 )]

transform = Transform( 1, 0, 0, 0, 0.422618, 0.906308, 0, -0.906308, 0.422618, 0.735807, 0.138519, -0.0178871 )

[node name="Monkey13" parent="Trees/Glob Bundle/Bundle 52" index="3" instance=ExtResource( 5 )]

transform = Transform( 1, 0, 0, 0, 0.422618, 0.906308, 0, -0.906308, 0.422618, -1.07127, 0.138519, 0.842618 )

[node name="Alba13" parent="Trees/Glob Bundle/Bundle 52" index="4" instance=ExtResource( 6 )]

transform = Transform( 1, 0, 0, 0, 0.422618, 0.906308, 0, -0.906308, 0.422618, 0.050992, 0.108996, 0.564981 )

[node name="Bundle 53" type="Spatial" parent="Trees/Glob Bundle" index="21"]

editor/display_folded = true
transform = Transform( 1, 0, 0, 0, 1, 0, 0, 0, 1, 11.4299, 0, 13 )

[node name="Pine18" parent="Trees/Glob Bundle/Bundle 53" index="0" instance=ExtResource( 4 )]

transform = Transform( 1, 0, 0, 0, 0.422618, 0.906308, 0, -0.906308, 0.422618, 1.06748, 0.145149, 0.797039 )

[node name="Pine19" parent="Trees/Glob Bundle/Bundle 53" index="1" instance=ExtResource( 4 )]

transform = Transform( 1, 0, 0, 0, 0.422618, 0.906308, 0, -0.906308, 0.422618, -0.898471, 0.145149, -0.332026 )

[node name="Monkey12" parent="Trees/Glob Bundle/Bundle 53" index="2" instance=ExtResource( 5 )]

transform = Transform( 1, 0, 0, 0, 0.422618, 0.906308, 0, -0.906308, 0.422618, 0.735807, 0.138519, -0.0178871 )

[node name="Monkey13" parent="Trees/Glob Bundle/Bundle 53" index="3" instance=ExtResource( 5 )]

transform = Transform( 1, 0, 0, 0, 0.422618, 0.906308, 0, -0.906308, 0.422618, -1.07127, 0.138519, 0.842618 )

[node name="Alba13" parent="Trees/Glob Bundle/Bundle 53" index="4" instance=ExtResource( 6 )]

transform = Transform( 1, 0, 0, 0, 0.422618, 0.906308, 0, -0.906308, 0.422618, 0.050992, 0.108996, 0.564981 )

[node name="Bundle 2" type="Spatial" parent="Trees/Glob Bundle" index="22"]

editor/display_folded = true
transform = Transform( 1, 0, 0, 0, 1, 0, 0, 0, 1, -12.0756, 0, 6.70464 )

[node name="Pine18" parent="Trees/Glob Bundle/Bundle 2" index="0" instance=ExtResource( 4 )]

transform = Transform( 1, 0, 0, 0, 0.422618, 0.906308, 0, -0.906308, 0.422618, 1.06748, 0.145149, 0.797039 )

[node name="Pine19" parent="Trees/Glob Bundle/Bundle 2" index="1" instance=ExtResource( 4 )]

transform = Transform( 1, 0, 0, 0, 0.422618, 0.906308, 0, -0.906308, 0.422618, -0.898471, 0.145149, -0.332026 )

[node name="Monkey12" parent="Trees/Glob Bundle/Bundle 2" index="2" instance=ExtResource( 5 )]

transform = Transform( 1, 0, 0, 0, 0.422618, 0.906308, 0, -0.906308, 0.422618, 0.735807, 0.138519, -0.0178871 )

[node name="Monkey13" parent="Trees/Glob Bundle/Bundle 2" index="3" instance=ExtResource( 5 )]

transform = Transform( 1, 0, 0, 0, 0.422618, 0.906308, 0, -0.906308, 0.422618, -1.07127, 0.138519, 0.842618 )

[node name="Alba13" parent="Trees/Glob Bundle/Bundle 2" index="4" instance=ExtResource( 6 )]

transform = Transform( 1, 0, 0, 0, 0.422618, 0.906308, 0, -0.906308, 0.422618, 0.050992, 0.108996, 0.564981 )

[node name="Bundle 3" type="Spatial" parent="Trees/Glob Bundle" index="23"]

editor/display_folded = true
transform = Transform( 1, 0, 0, 0, 1, 0, 0, 0, 1, -11.1678, 0, 8.6612 )

[node name="Pine18" parent="Trees/Glob Bundle/Bundle 3" index="0" instance=ExtResource( 4 )]

transform = Transform( 1, 0, 0, 0, 0.422618, 0.906308, 0, -0.906308, 0.422618, 1.06748, 0.145149, 0.797039 )

[node name="Pine19" parent="Trees/Glob Bundle/Bundle 3" index="1" instance=ExtResource( 4 )]

transform = Transform( 1, 0, 0, 0, 0.422618, 0.906308, 0, -0.906308, 0.422618, -0.898471, 0.145149, -0.332026 )

[node name="Monkey12" parent="Trees/Glob Bundle/Bundle 3" index="2" instance=ExtResource( 5 )]

transform = Transform( 1, 0, 0, 0, 0.422618, 0.906308, 0, -0.906308, 0.422618, 0.735807, 0.138519, -0.0178871 )

[node name="Monkey13" parent="Trees/Glob Bundle/Bundle 3" index="3" instance=ExtResource( 5 )]

transform = Transform( 1, 0, 0, 0, 0.422618, 0.906308, 0, -0.906308, 0.422618, -1.07127, 0.138519, 0.842618 )

[node name="Alba13" parent="Trees/Glob Bundle/Bundle 3" index="4" instance=ExtResource( 6 )]

transform = Transform( 1, 0, 0, 0, 0.422618, 0.906308, 0, -0.906308, 0.422618, 0.050992, 0.108996, 0.564981 )

[node name="Bundle 4" type="Spatial" parent="Trees/Glob Bundle" index="24"]

editor/display_folded = true
transform = Transform( 1, 0, 0, 0, 1, 0, 0, 0, 1, -10.0126, 0, 10.3491 )

